cpb-aacip-507-154dn40c26:	0.1456622997242393
cpb-aacip-507-1v5bc3tf81:	0.05068027281335422
cpb-aacip-507-4t6f18t178:	0.14087630063295364
cpb-aacip-507-6w96689725:	0.02311990720530351
cpb-aacip-507-7659c6sk7z:	0.0535714291036129
cpb-aacip-507-9882j68s35:	0.01698412708938122
cpb-aacip-507-bz6154fc44:	0.08259188593365252
cpb-aacip-507-cf9j38m509:	0.024315853349187157
cpb-aacip-507-m61bk17f5g:	0.07906963215454628
cpb-aacip-507-n29p26qt59:	0.06396528871523009
cpb-aacip-507-nk3610wp6s:	0.23613259137015452
cpb-aacip-507-pc2t43js98:	0.06444251034408807
cpb-aacip-507-pr7mp4wf25:	0.006946386912694344
cpb-aacip-507-r785h7cp0z:	0.15684234762662336
cpb-aacip-507-v11vd6pz5w:	0.13520408208881105
cpb-aacip-507-v40js9j432:	0.23942378703504802
cpb-aacip-507-vm42r3pt6h:	0.05793061244644617
cpb-aacip-507-zk55d8pd1h:	0.18929834264729703
cpb-aacip-507-zw18k75z4h:	0.33453476103022695
cpb-aacip-525-028pc2v94s:	0.7361944615840912
cpb-aacip-525-3b5w66b279:	0.029640428189720427
cpb-aacip-525-9g5gb1zh9b:	0.2090792879462242
cpb-aacip-525-bg2h70914g:	0.35715920602281886
Total Mean CER:	0.14928981747676978
