cpb-aacip-507-154dn40c26:	0.12860753715914838
cpb-aacip-507-1v5bc3tf81:	0.13939197862456584
cpb-aacip-507-4t6f18t178:	0.13598766821351918
cpb-aacip-507-6w96689725:	0.052824508088330425
cpb-aacip-507-7659c6sk7z:	0.011904762436946234
cpb-aacip-507-9882j68s35:	0.0269739522288243
cpb-aacip-507-bz6154fc44:	0.07854265886647947
cpb-aacip-507-cf9j38m509:	0.41159106853107613
cpb-aacip-507-m61bk17f5g:	0.13168174948762446
cpb-aacip-507-n29p26qt59:	0.06718578487634659
cpb-aacip-507-nk3610wp6s:	0.17419327065348625
cpb-aacip-507-pc2t43js98:	0.06393448815991482
cpb-aacip-507-pr7mp4wf25:	0.22759244378123963
cpb-aacip-507-r785h7cp0z:	0.1741071457141324
cpb-aacip-507-v11vd6pz5w:	0.21652369061484933
cpb-aacip-507-v40js9j432:	0.25155910663306713
cpb-aacip-507-vm42r3pt6h:	0.067090870346874
cpb-aacip-507-zk55d8pd1h:	0.20503402673281157
cpb-aacip-507-zw18k75z4h:	0.2358576183517774
cpb-aacip-525-028pc2v94s:	0.7665860783308744
cpb-aacip-525-3b5w66b279:	0.16173261361053357
cpb-aacip-525-9g5gb1zh9b:	0.46138236878646743
cpb-aacip-525-bg2h70914g:	0.2513653819914907
Total Mean CER:	0.1931152509661035
